348, 439, 2, 96
292, 535, 56, 2
300, 495, 48, 2
260, 447, 2, 88
204, 447, 56, 2
176, 447, 2, 96
116, 455, 2, 82
120, 479, 56, 2
44, 535, 48, 2
92, 455, 2, 80
20, 455, 72, 2
21, 455, 2, 40
21, 495, 24, 2
45, 479, 2, 16
36, 479, 16, 2
284, 391, 40, 2
324, 343, 2, 48
324, 287, 2, 32
276, 287, 48, 2
52, 311, 48, 2
284, 239, 48, 2
308, 183, 2, 56
148, 239, 48, 2
196, 191, 2, 48
148, 191, 48, 2
68, 191, 48, 2
76, 151, 40, 2
76, 119, 2, 32
76, 55, 2, 32
76, 55, 48, 2
112, 535, 64, 2
320, 343, 16, 2
320, 319, 16, 2
336, 319, 2, 24
56, 120, 24, 2
56, 87, 24, 2
56, 88, 2, 32
224, 247, 32, 2
256, 215, 2, 32
224, 215, 32, 2
224, 184, 2, 32
224, 191, 32, 2
272, 311, 2, 56
216, 367, 56, 2
216, 319, 2, 48
240, 318, 2, 49
184, 351, 2, 16
168, 351, 16, 2
168, 311, 2, 40
152, 351, 16, 2
152, 351, 2, 16
